# Failed

    0000000 12 00 00 00
    0000004

# Get Midplan VPD

    root@root123-PowerEdge-R820:~/wilson# sg_senddiag -p -r 12,00,00,03,00,0e,00 /dev/sg63
    root@root123-PowerEdge-R820:~/wilson# sg_ses -p 0x12 -rr /dev/sg63 | od -v -t x1

    0000000 12 00 00 7b 00 0e 00 45 72 6f 73 20 20 20 20 20
    0000020 20 20 20 20 20 20 00 00 00 52 30 39 33 34 2d 47
    0000040 30 30 30 34 2d 30 33 20 20 20 20 20 20 46 46 46
    0000060 46 46 48 48 48 48 48 48 59 59 57 57 53 53 53 53
    0000100 20 20 20 20 20 20 20 20 00 45 72 6f 73 20 20 20
    0000120 20 20 20 20 20 20 20 20 20 20 20 52 30 39 33 34
    0000140 2d 58 30 30 30 31 2d 30 31 20 20 30 39 38 37 36
    0000160 35 34 33 32 31 30 39 38 37 36 35 30 30 30 31
    0000177

# Get Canister A VPD

    root@root123-PowerEdge-R820:~/wilson# sg_senddiag -p -r 12,00,00,03,00,07,00 /dev/sg63
    root@root123-PowerEdge-R820:~/wilson# sg_ses -p 0x12 -rr /dev/sg63 | od -v -t x1

    0000000 12 00 00 3f 00 07 00 45 72 6f 73 20 20 20 20 20
    0000020 20 20 20 20 20 20 00 52 30 39 33 34 47 30 30 30
    0000040 32 30 33 20 20 20 20 20 20 20 20 31 48 38 56 30
    0000060 31 34 30 33 30 30 30 30 30 20 20 20 20 20 20 20
    0000100 30 31 20
    0000103

# Get Canister B VPD

    root@root123-PowerEdge-R820:~/wilson# sg_senddiag -p -r 12,00,00,03,00,07,01 /dev/sg63
    root@root123-PowerEdge-R820:~/wilson# sg_ses -p 0x12 -rr /dev/sg63 | od -v -t x1       

    0000000 12 00 00 3f 00 07 01 45 72 6f 73 20 20 20 20 20
    0000020 20 20 20 20 20 20 00 52 30 39 33 34 47 30 30 30
    0000040 32 30 33 20 20 20 20 20 20 20 20 31 48 38 56 30
    0000060 31 34 30 33 30 30 30 30 31 20 20 20 20 20 20 20
    0000100 30 31 20
    0000103

# Get PSU VPD A

    root@root123-PowerEdge-R820:~# sg_senddiag -p -r 12,00,00,03,00,02,00 /dev/sg63
    root@root123-PowerEdge-R820:~# sg_ses -p 0x12 -rr /dev/sg63 | od -v -t x1 
    0000000 12 00 00 31 00 02 00 44 45 4c 54 41 2d 54 48 41
    0000020 49 4c 41 4e 44 20 20 54 44 50 53 2d 31 32 30 30
    0000040 44 42 41 43 43 58 54 31 36 30 39 30 31 36 36 20
    0000060 20 53 34 46 20
    0000065

# Get PSU VPD B

    root@root123-PowerEdge-R820:~# sg_senddiag -p -r 12,00,00,03,00,02,01 /dev/sg63
    root@root123-PowerEdge-R820:~# sg_ses -p 0x12 -rr /dev/sg63 | od -v -t x1 
    0000000 12 00 00 31 00 02 01 44 45 4c 54 41 2d 54 48 41
    0000020 49 4c 41 4e 44 20 20 54 44 50 53 2d 31 32 30 30
    0000040 44 42 41 43 43 58 54 31 36 30 39 30 31 36 38 20
    0000060 20 53 34 46 20
    0000065


